C3,fast_likelihood_quarks.yaml,fast_likelihood_leptons.yaml,likelihood_ewpt.yaml,likelihood_eeww.yaml,likelihood_lept.yaml,likelihood_rd_rds.yaml,likelihood_lfu_fccc.yaml,likelihood_lfu_fcnc.yaml,likelihood_bcpv.yaml,likelihood_bqnunu.yaml,likelihood_lfv.yaml,likelihood_zlfv.yaml,likelihood_higgs.yaml,global
-0.3,5.385309995402167,-3.068286795015233,-0.2304315811342157,0.0,1.3407764174466763e-06,-38.81087691371377,-0.13562354937671017,0.30332712104218373,0.02243239338313341,-68.0,0.0,0.0,8.953639604669661e-05,-104.53405845223998
-0.29387755102040813,5.9307788338931005,-2.9910977072651477,-0.2232474630869028,0.0,1.2997489799992934e-06,-35.25776516599586,-0.13196473053058355,0.29556422958448714,0.021607504858996762,-68.0,0.0,0.0,8.779003170289457e-05,-100.35603540876124
-0.28775510204081634,6.355654992795053,-2.914476467936865,-0.2161636202266095,0.0,1.2587214395232138e-06,-31.840901004672222,-0.12834721379086744,0.2878716325659685,0.020946209881633315,-68.0,0.0,0.0,8.604354181684926e-05,-96.43532816912065
-0.2816326530612245,6.741558572537542,-2.8384565539040594,-0.20918004756631348,0.0,1.217693796906616e-06,-28.558888835075106,-0.12477068256803392,0.2802496761197286,0.020296364046490822,-68.0,0.0,0.0,8.429692638500796e-05,-92.68910599178956
-0.2755102040816326,7.0900897639764935,-2.763037647551016,-0.202296740112768,0.0,1.1766660517054106e-06,-25.410343021657074,-0.12123482616600256,0.27270224151700795,0.019658958661080028,-68.0,0.0,0.0,8.255018540737069e-05,-89.11437754448082
-0.2693877551020408,7.403528769948252,-2.6882197490139745,-0.19551369287221476,0.0,1.1356382039195978e-06,-22.393883128465024,-0.11773933502806955,0.26523078510543563,0.019030960622058224,-68.0,0.0,0.0,8.080331888749015e-05,-85.70748345074645
-0.26326530612244897,7.683930756678592,-2.6140028592098616,-0.18883090085067877,0.0,1.0946102537712221e-06,-19.50813411426081,-0.11428390077984574,0.25783659137496784,0.01841735140064582,-68.0,0.0,0.0,7.905632681115549e-05,-82.46498692470992
-0.2571428571428571,7.933186263197513,-2.540386981595887,-0.18224835905610703,0.0,1.0535822009272167e-06,-16.751726926741565,-0.11086821622912879,0.2505218308795616,0.017815018497558732,-68.0,0.0,0.0,7.73092092032357e-05,-79.38362900825665
-0.2510204081632653,8.153089281091752,-2.46737212128798,-0.17576606249490823,0.0,1.012554045609626e-06,-14.123297318798858,-0.10749197536735267,0.2432891446614267,0.01722362198399363,-68.0,0.0,0.0,7.556196604596721e-05,-76.46024885569184
-0.24489795918367346,8.345266629375146,-2.3949582843881245,-0.16938400617402039,0.0,9.715257878184502e-07,-11.621487138776384,-0.10415487336787521,0.2361400413993877,0.016642843142908426,-68.0,0.0,0.0,7.381459733935003e-05,-73.69186000266583
-0.2387755102040816,8.511243920232118,-2.3231454774557605,-0.1631021851020975,0.0,9.304974275536892e-07,-9.244943062128844,-0.10085660658725004,0.2290759742849815,0.016067082194961557,-68.0,0.0,0.0,7.20671030940423e-05,-71.07558735696138
-0.23265306122448978,8.652441718885484,-2.2519337071061187,-0.15692059428576854,0.0,8.894689648153431e-07,-6.9923181617495125,-0.0975968725646652,0.22209874223036152,0.015507934212785734,-68.0,0.0,0.0,7.031948330649129e-05,-68.60864973142517
-0.22653061224489796,8.770185048036865,-2.181322979697647,-0.15083922873361288,0.0,8.484403993813672e-07,-4.862270345465856,-0.09437537002234109,0.21521002768161956,0.014958582190279124,-68.0,0.0,0.0,6.857173796248617e-05,-66.28838484583233
-0.2204081632653061,8.865709377534358,-2.111313301088643,-0.1448580834533999,0.0,8.074117315848284e-07,-2.85346326084143,-0.09119179886575779,0.20945599702589135,0.014420216467215141,-68.0,0.0,0.0,6.682386707979049e-05,-64.11117322194295
-0.21428571428571427,8.940171533850616,-2.041904676457591,-0.13897715345334305,0.0,7.663829610926598e-07,-0.9645655221830083,-0.08804586018268878,0.2022990496350534,0.01388841634528859,-68.0,0.0,0.0,6.50758706441934e-05,-62.077068370192066
-0.20816326530612245,8.994653408244858,-1.9730971101592445,-0.1331964337431515,0.0,7.25354088459973e-07,0.805748298524037,-0.08493725624432358,0.19524591172970673,0.013365709004443005,-68.0,0.0,0.0,6.332774866280033e-05,-60.182153419540924
-0.2020408163265306,9.030169078036806,-1.9048906056138577,-0.12751591932999062,0.0,6.84325113020634e-07,2.4587982647692073,-0.08186569050479164,0.18829780739030788,0.012851894764545513,-68.0,0.0,0.0,6.157950114271671e-05,-58.42409290666152
-0.19591836734693877,9.047670036870159,-1.8372851652215303,-0.12193560522398883,0.0,6.432960352187322e-07,3.9958989127648437,-0.0788308676010061,0.18108113386593416,0.012346786779137808,-68.0,0.0,0.0,5.983112807328439e-05,-56.80099429334234
-0.18979591836734694,9.048050068282237,-1.7702807902967734,-0.11645548643340575,0.0,6.02266854832223e-07,5.41835945100248,-0.07583249335323927,0.1743495119450813,0.011850210126314487,-105.26223953572173,0.0,0.0,5.808262946516152e-05,-92.57214037955272
-0.18367346938775508,9.032193103175587,-1.7038774810075807,-0.11107555796864332,0.0,5.612375719721285e-07,6.7274837249432515,-0.07287027476432684,0.16772637429729365,0.011362000960033036,-78.54220321886316,0.0,0.0,5.633400530768995e-05,-64.49120443398468
-0.17755102040816326,9.000803100624125,-1.6380752363298683,-0.10579581483872502,0.0,5.202081864164043e-07,7.924570060036745,-0.06994392002032868,0.1612151194460001,0.010882005722050003,-58.60568156972007,0.0,0.0,5.45852556044224e-05,-43.32197114961628
-0.17142857142857143,8.954669326837347,-1.572874054010164,-0.10061625205356961,0.0,4.791786986091395e-07,9.010911366832026,-0.06705313849063543,0.15481550867957594,0.01041008041311553,-43.885454078561544,0.0,0.0,5.283638035535887e-05,-27.495137924794793
-0.16530612244897958,8.894494798916185,-1.5082739305248865,-0.09553686462355415,0.0,4.3814910832828957e-07,9.98779517022546,-0.06419764072704481,0.14853060096329251,0.009946089921264445,-32.005956863170134,0.0,0.0,5.108737956049936e-05,-14.63314711349075
-0.15918367346938775,8.820943140211739,-1.444274861048001,-0.09055764755789752,0.0,3.9711941524078753e-07,10.856503517010017,-0.061377138464784764,0.14235955368683584,0.009489907404125475,-22.218022028338062,0.0,0.0,4.933825322694929e-05,-3.9848858217233882
-0.15306122448979592,8.734641258988177,-1.3808768394227897,-0.0856785958681563,0.0,3.5608962001276723e-07,11.618313499938388,-0.05859134462178872,0.13630560321070284,0.009041413722022718,-14.346797021289888,0.0,0.0,4.7589001340497816e-05,4.626405919747626
-0.14693877551020407,8.636197539836985,-1.3180798581249462,-0.08089970456490292,0.0,3.1505972197809484e-07,12.274496157062641,-0.05583997329904378,0.13036923048677274,0.008600496918323763,-8.226298231985982,0.0,0.0,4.583962390825036e-05,11.368591811013474
-0.14081632653061224,8.526141148581019,-1.255883908237081,-0.07622096865872052,0.0,2.740297215808596e-07,12.826317975329996,-0.053122739780882,0.12504216703767312,0.008167051743510179,-3.6797698178672,0.0,0.0,4.409012093731235e-05,16.420715272298974
-0.1346938775510204,8.405018789606174,-1.1942889794167115,-0.07164238316077487,0.0,2.3299961848799455e-07,13.275038847880122,-0.050439360534113575,0.11934312895765764,0.00774097921948691,-0.5190500733235979,0.0,0.0,4.234049241347293e-05,19.971763522720277
-0.12857142857142856,8.27451536923013,-1.13329505986664,-0.0671639430820079,0.0,1.9196941325461125e-07,13.621914631937232,-0.047789553208971824,0.11376502309821035,0.007322186240817707,1.4538103062219214,0.0,0.0,4.059073834383753e-05,22.223119743278446
-0.12244897959183673,8.13273740278396,-1.072902136302531,-0.06278564343464055,0.0,1.5093910521457587e-07,13.868195707667986,-0.04517303663890715,0.10830907464433004,0.006910585209777054,2.4437238982696314,0.0,0.0,3.8840858735511574e-05,23.379054843997448
-0.1163265306122449,7.9813248757081965,-1.013110193924632,-0.05850747923003752,0.0,1.0990869481197763e-07,14.015126959733657,-0.042589530839507006,0.10297641595252216,0.006506093702234317,2.659067582150019,0.0,0.0,3.709085357428421e-05,23.65083192401472
-0.11020408163265305,7.927639576563934,-0.9539192163820402,-0.05432944547995433,0.0,6.88781819357942e-08,14.063947694684998,-0.0400387570099241,0.09776808495634803,0.006108634161728688,2.3075022955199724,0.0,0.0,3.534072287081358e-05,23.354714276616118
-0.10408163265306122,7.7596958143356005,-0.8953291857438899,-0.05025153719708797,0.0,2.7847566586025607e-08,14.015891728591429,-0.0375204375323932,0.09268502181247307,0.0057181336192391186,1.5908707084756148,0.0,0.0,3.3590466628652393e-05,22.481793864675183
-0.0979591836734694,7.500542915569213,-0.8373400824634984,-0.04627374939347462,0.0,-1.3183151348350464e-08,13.87218937318478,-0.03503429597205354,0.08772807148524997,0.005334523436396843,0.6990916067760491,0.0,0.0,3.18400848335898e-05,21.246270189524342
-0.09183673469387754,7.314538410921614,-0.7799518853455538,-0.04239607708194271,0.0,-5.421397197835631e-08,13.634063692240431,-0.03258005707703404,0.08289798230911138,0.004957739070091449,-0.1969420503480741,0.0,0.0,3.0089577496283937e-05,19.98461779005217
-0.08571428571428572,7.119704058655088,-0.7231645715098125,-0.03861851527426552,0.0,-9.524489485990273e-08,13.302733671448314,-0.03015744677830412,0.0781893298994003,0.004587719856610661,-0.9529468838236355,0.0,0.0,2.833894460962938e-05,18.760355606173107
-0.07959183673469389,6.91865108916636,-0.6669781163570221,-0.034941058985126006,0.0,-1.3627592010401202e-07,12.879412332568988,-0.027766192190128436,0.07361702932453795,0.004224408813688463,-1.4586896383793047,0.0,0.0,2.6588186173626127e-05,17.687556305872246
-0.07346938775510203,6.71053262656028,-0.6113924935316533,-0.03136370322642179,0.0,-1.7730704815477338e-07,12.36530917570433,-0.025406021609633456,0.06917586114387397,0.003867752458889484,-1.6443830358989828,0.0,0.0,2.483730219893232e-05,16.83636482159583
-0.0673469387755102,6.495690059221033,-0.5564076748832321,-0.027886443012480555,0.0,-2.1833827845707532e-07,11.761626142799244,-0.023076664516885614,0.06486417729729332,0.003517700643011601,-1.4850339235104144,0.0,0.0,2.308629268554796e-05,16.233316241991975
-0.06122448979591838,6.274388450760171,-0.502023630429079,-0.02450927335600639,0.0,-2.5936961145500703e-07,11.06956180857831,-0.020777851575090267,0.060685944631607924,0.0031742063972917123,-1.0020672307516705,0.0,0.0,2.1335157615709477e-05,15.858453500043542
-0.055102040816326525,6.046899654942763,-0.4482403283154497,-0.02123218927180659,0.0,-3.004010469265239e-07,10.29030957104018,-0.018509314630179574,0.05663811874238256,0.0028372257933000355,-0.2619433610394388,0.0,0.0,1.9583897010733153e-05,15.646778660757713
-0.04897959183673467,5.823096588387443,-0.3950577347747526,-0.018055185773082627,0.0,-3.41432584871626e-07,9.425056021091072,-0.016270786711565677,0.05272524481671503,0.0025067178145112834,0.6280284835411436,0.0,0.0,1.783251085285542e-05,15.502046839469752
-0.04285714285714287,5.584080286241942,-0.3424758140854891,-0.014978257874794565,0.0,-3.824642250682686e-07,8.474985376544382,-0.014062002031678844,0.0489450878388098,0.002182644238733822,1.5259367460316735,0.0,0.0,1.608099915273442e-05,15.264629765438505
-0.03673469387755102,5.339623474186965,-0.29049452853040236,-0.01200140059134469,0.0,-4.23495967960541e-07,7.441273960362633,-0.011882695985278247,0.04529919838258856,0.001864969530503302,2.2626440855834904,0.0,0.0,1.4329361896159298e-05,14.776340968805082
-0.030612244897959162,5.089936912072744,-0.2391138383520257,-0.00912460893685818,0.0,-4.645278133263986e-07,6.325095683352465,-0.00973260515067409,0.041789676064938774,0.001553660742800389,2.6494350650281326,0.0,0.0,1.2577599107999049e-05,13.849852057892818
-0.024489795918367363,4.835238893192809,-0.1883337017064548,-0.006347877926675238,0.0,-5.055597613878859e-07,5.1276166558338545,-0.007611467289024176,0.03841547693906833,0.0012486874273696102,2.4851346756678563,0.0,0.0,1.0825710766937391e-05,12.28537166228981
-0.01836734693877551,4.575732045714858,-0.138154074621049,-0.003671202575787902,0.0,-5.465918115898916e-07,3.8499999152978184,-0.005519021344774444,0.03517753434505089,0.0009500215531144107,1.5623152567258565,0.0,0.0,9.073696880079751e-06,9.876839002200155
-0.012244897959183654,4.311607648819518,-0.0885749109427394,-0.001094577900211391,0.0,-5.876239645985493e-07,2.4934028963672112,-0.003455007445026581,0.03207666457646141,0.0006576374319964273,-0.3275316376382591,0.0,0.0,7.321557450978844e-06,6.417095447202437
-0.006122448979591855,4.043053051893139,-0.039596162293349835,0.001382001085740825,0.0,-6.286562198587475e-07,1.0589779210042103,-0.0014191669005612084,0.02911358770989203,0.0003715116519797945,-3.389745344886123,0.0,0.0,5.569292479634669e-06,1.7021423399011884
0.0,3.770241690556759,0.008782221981462612,0.0037585393654175903,0.0,-6.696885778145756e-07,-0.4521275648181984,0.0005887577962084833,0.026288926519420386,9.162301658083294e-05,-7.822959764344301,0.0,0.0,3.8169019589417985e-06,-4.465332422713269
