C,fast_likelihood_quarks.yaml,fast_likelihood_leptons.yaml,likelihood_ewpt.yaml,likelihood_eeww.yaml,likelihood_lept.yaml,likelihood_rd_rds.yaml,likelihood_lfu_fccc.yaml,likelihood_lfu_fcnc.yaml,likelihood_bcpv.yaml,likelihood_bqnunu.yaml,likelihood_lfv.yaml,likelihood_zlfv.yaml,likelihood_higgs.yaml,global
-0.3,-7.342080948273633,-2.69111000282696,-0.2757392044120337,0.0,1.6157712945386038e-09,-33.6695254829218,-0.1302931750504328,0.5469531105659993,0.023226430992886016,2.528153670405924,0.0,0.0,8.217447731340144e-05,-41.010333425426964
-0.29387755102040813,-6.269850932569852,-2.624788110289913,-0.2679808895689568,0.0,1.5827964494619096e-09,-30.432604305727345,-0.12682273928744792,0.5318984547664662,0.022560890197733663,2.5022882408442513,0.0,0.0,8.049942277210675e-05,-36.665218890629504
-0.28775510204081634,-5.245505909550502,-2.5589478513060655,-0.26031128669082193,0.0,1.549821271318308e-09,-27.32050662211045,-0.12339028341150282,0.5164313204593913,0.021868264052110398,2.474497124847659,0.0,0.0,7.882428591443613e-05,-32.49578641787445
-0.2816326530612245,-4.280565568405564,-2.4935814941346166,-0.2527304008203757,0.0,1.5168463152193112e-09,-24.331991765484474,-0.1199955302896285,0.5006397598125609,0.02118633751073329,2.444825256265041,0.0,0.0,7.714906673683686e-05,-28.51213625496274
-0.2755102040816326,-3.3548573367379504,-2.4286891696271127,-0.24523823700384995,0.0,1.483871470142617e-09,-21.465825132782832,-0.11663820282311121,0.48479311895297883,0.020514619426112546,2.4133315085778797,0.0,0.0,7.547376524286165e-05,-24.69253335676877
-0.2693877551020408,-2.491750248003882,-2.364270930059746,-0.2378348002866275,0.0,1.4508964030213178e-09,-18.720775953356615,-0.1133180249476311,0.468808569682972,0.01985356818040529,2.3800735401837017,0.0,0.0,7.379838142895778e-05,-21.059140478775095
-0.26326530612244897,-1.6918607851298475,-2.300326830183465,-0.2305200957147342,0.0,1.4179213359000187e-09,-16.095618501013327,-0.11003472162045824,0.4529677220893298,0.01920179314467152,2.3451119481719562,0.0,0.0,7.212291530933612e-05,-17.611007345922648
-0.2571428571428571,-0.943266517154143,-2.2368569258485707,-0.22329412833321882,0.0,1.3849464908233244e-09,-13.58913147475024,-0.10678801882194477,0.4373202382199075,0.018559874711123747,2.3084988311628827,0.0,0.0,7.044736685912767e-05,-14.334887672062397
-0.2510204081632653,-0.2396342592514884,-2.1738612735839524,-0.2161569031879047,0.0,1.3519714237020253e-09,-11.20009721440725,-0.10357764355410382,0.4215836048903778,0.01792776589070133,2.270295002890423,0.0,0.0,6.877173609609599e-05,-11.22345214722513
-0.24489795918367346,0.41178222778944473,-2.1113399302548572,-0.20910842532388685,0.0,1.3189964676030286e-09,-8.927304806813474,-0.1004033238414479,0.40593265392459976,0.017305339535019115,2.230554266489129,0.0,0.0,6.709602302024109e-05,-8.282514901153457
-0.2387755102040816,1.0178511037063345,-2.0492929527950636,-0.20214869978822136,0.0,1.2860215115040319e-09,-6.76954721213551,-0.09726478873128741,0.3903877569658043,0.01669263091539186,2.189339751778288,0.0,0.0,6.542022762801025e-05,-5.503916988570614
-0.23265306122448978,1.5719703842889885,-1.9877203980029208,-0.19527773162433348,0.0,1.2530465554050352e-09,-4.725621699006229,-0.0941617682927145,0.37451143498471673,0.0160895649310433,2.1467029312222294,0.0,0.0,6.374434991585076e-05,-2.8934435358962576
-0.22653061224489796,2.0894772252654548,-1.9266223223809078,-0.18849552587822416,0.0,1.2200715993060385e-09,-2.794330718495644,-0.09109399361826576,0.35838716805780635,0.015496425729979002,2.102699497585615,0.0,0.0,6.206838989442076e-05,-0.4344201741242206
-0.2204081632653061,2.5653046191612248,-1.8659987820089512,-0.1818020875959867,0.0,1.1870966432070418e-09,-0.9744812135901952,-0.08806119682169111,0.34246380005437693,0.014912041879828308,2.0573882039039333,0.0,0.0,6.039234754240397e-05,1.869785778517178
-0.21428571428571427,2.9976509541133964,-1.8058498324513863,-0.1751974218223573,0.0,1.154121687108045e-09,0.7351144931495313,-0.08506311104022757,0.32675666841519124,0.014337617686592807,2.010824855762726,0.0,0.0,5.871622288822209e-05,4.018632941190477
-0.20816326530612245,3.3945772913957626,-1.7461755286785632,-0.16868153360279337,0.0,1.121146619986746e-09,2.3356401307038723,-0.08209947043332733,0.31128349570650293,0.013772648662913944,1.9630613921422153,0.0,0.0,5.704001590345342e-05,6.021435467033633
-0.2020408163265306,3.751534126028673,-1.6869759250087242,-0.1622544279818321,0.0,1.0881717749100517e-09,3.828274731713371,-0.07917001018287806,0.29606074759253254,0.013217100249600655,1.914156677717493,0.0,0.0,5.5363726602308816e-05,7.87489838494301
-0.19591836734693877,4.074652435651842,-1.6282510750582873,-0.15591611000587235,0.0,1.055196818811055e-09,5.214192176907456,-0.07627446649346581,0.28110350468548084,0.012670940560056465,1.8641667771311532,0.0,0.0,5.36873549918937e-05,9.586397871788552
-0.18979591836734694,4.362734017034882,-1.570001031706056,-0.14966658472049232,0.0,1.0222218627120583e-09,6.494561881558912,-0.07341257659164313,0.26642555714281,0.012131669234672238,1.813140146529257,0.0,0.0,5.2010901065102644e-05,11.15596509040563
-0.18367346938775508,4.616810538624577,-1.5122258470568681,-0.1435058571689325,0.0,9.892467955907591e-10,7.67054836174988,-0.07058407872726491,0.252044105539726,0.011604495123724412,1.7611398986368787,0.0,0.0,5.0334364814830224e-05,12.585881952075782
-0.17755102040816326,4.8380510311176295,-1.4549255724143393,-0.13743393239755264,0.0,9.562719505140649e-10,8.743311282177492,-0.0677887121724936,0.23797112547571508,0.01108662903466584,1.708213197570677,0.0,0.0,4.8657746248181866e-05,13.878533707094315
-0.17142857142857143,5.027488517127722,-1.3981002582572657,-0.13145081545177106,0.0,9.232969944150682e-10,9.71400644778963,-0.06502621722132318,0.2242205820640013,0.010575260830475663,1.6544147652497383,0.0,0.0,4.698104536515757e-05,15.03617526409987
-0.16530612244897958,5.1861254858590655,-1.3417499542138245,-0.1255565113757342,0.0,8.903221493383739e-10,10.583784579168581,-0.062296335191454943,0.21080501632469506,0.01007872139926036,1.5997989575385247,0.0,0.0,4.5304262172862764e-05,16.06103526466161
-0.15918367346938775,5.31491900888841,-1.2858747090405487,-0.11975102521563485,0.0,8.573471932393772e-10,11.35379143900356,-0.0595988084222725,0.19806319237085646,0.00958863225333939,1.544420058686999,0.0,0.0,4.362739665353388e-05,16.95560141677871
-0.15306122448979592,5.414785062526107,-1.230474570602908,-0.1140343620158113,0.0,8.243722371403805e-10,12.025168021009243,-0.05693338027561623,0.184517643317875,0.009107755446252419,1.4883285759391534,0.0,0.0,4.195044882493448e-05,17.72050669661749
-0.14693877551020407,5.486596901192115,-1.1755495858531049,-0.10840652682055563,0.0,7.913971700190814e-10,12.599051466094302,-0.05429979513689176,0.1710076659086468,0.008636068296313582,1.4315763386749278,0.0,0.0,4.027341866930101e-05,18.35865280656582
-0.14081632653061224,5.531187022995027,-1.1210998008089632,-0.10286752467549931,0.0,7.584224359646896e-10,13.076574418779847,-0.05169779841267541,0.158293794983436,0.008173548220987925,1.374216894352985,0.0,0.0,3.859630620794974e-05,18.872819152499776
-0.1346938775510204,5.550641713932009,-1.067125260537125,-0.0974173606258617,0.0,7.254474798656929e-10,13.45886332537207,-0.04912713653299505,0.14601035730394685,0.007720172578355999,1.3163021678109672,0.0,0.0,3.69191114231171e-05,19.26590489913824
-0.12857142857142856,5.543127128288461,-1.0136260091284868,-0.09205603971564713,0.0,6.924725237666962e-10,13.747041782368509,-0.04658755695019323,0.13416542223388817,0.007275918528666381,1.257881273944621,0.0,0.0,3.5241834318355814e-05,19.53725716209661
-0.12244897959183673,5.510647567819888,-0.9606020896785452,-0.08678356699017442,0.0,6.594975676676995e-10,13.942228422207673,-0.044078808139204284,0.1232620714346595,0.0068407629143480975,1.1990033100897897,0.0,0.0,3.3564474904324015e-05,19.690551234792835
-0.1163265306122449,5.453888059166957,-0.9080535442685402,-0.08159994749478727,0.0,6.265226115687028e-10,14.04553574660133,-0.04160063959729854,0.1123234961438282,0.0064146821569677215,1.1397259111829428,0.0,0.0,3.188703317391628e-05,19.726665651551098
-0.11020408163265305,5.373482495773715,-0.8559804139401876,-0.07650518627352909,0.0,5.93547877514311e-10,14.05807458226188,-0.03915280184451575,0.10185044870658011,0.005997652169722478,1.0800913477352836,0.0,0.0,3.0209509116474464e-05,19.647888334691608
-0.10408163265306122,5.419892562202449,-0.8043827386742777,-0.07149928837058539,0.0,5.605729214153143e-10,13.980949485594099,-0.03673504642326719,0.09185031598231141,0.005589648284143323,1.0201518678739934,0.0,0.0,2.853190274976214e-05,19.605845338932184
-0.0979591836734694,5.2094938634954815,-0.7532605573710924,-0.0665822588317937,0.0,5.275980763386201e-10,13.81525943600394,-0.03434712589874067,0.08233261826989136,0.005190645189776966,0.9599556248766881,0.0,0.0,2.685421407022659e-05,19.21806910047582
-0.09183673469387754,5.060395703027098,-0.7026139078249329,-0.061754102701410574,0.0,4.946230092173209e-10,13.562102164374167,-0.031988793858523934,0.07329606255506604,0.004800616885699327,0.8995500803740164,0.0,0.0,2.517644306365696e-05,18.803812999768866
-0.08571428571428572,4.888630615637112,-0.6524428266986391,-0.05701482502386668,0.0,4.616481641406267e-10,13.222566440636093,-0.029659804912569143,0.06476321464258206,0.004419536642878974,0.83898844369382,0.0,0.0,2.349858974426411e-05,18.280274293668807
-0.07959183673469389,4.6971744909603785,-0.6027473495023941,-0.052364430843994114,0.0,4.2867331906393247e-10,12.797741632823325,-0.027359914693960263,0.056731810331802635,0.0040473769763389456,0.7783124363044625,0.0,0.0,2.1820654115600746e-05,17.651557873438744
-0.07346938775510203,4.494871644266141,-0.5535275105693671,-0.047802925205818525,0.0,3.9569836296493577e-10,12.288707841627254,-0.025088879857754876,0.04920753449622062,0.003684109626368226,0.7175720402256154,0.0,0.0,2.0142636152797877e-05,16.927643997640512
-0.0673469387755102,4.2629209590486425,-0.5047833430270146,-0.04333031315439584,0.0,3.6272351788824153e-10,11.696544621763946,-0.02284645808202157,0.042194207725785304,0.003329705547874262,0.6568100649587336,0.0,0.0,1.846453589138264e-05,16.090857909680164
-0.06122448979591838,4.01122040109135,-0.4565148787734472,-0.0389465997339542,0.0,3.2974856178924483e-10,11.022324277521735,-0.020632408066930452,0.03569870164647071,0.002984134907218383,0.5960800182005546,0.0,0.0,1.6786353299380607e-05,15.152230433476044
-0.055102040816326525,3.7401110953014722,-0.4087221484502024,-0.03465178998902374,0.0,2.967737167125506e-10,10.267116672394025,-0.01844648953562711,0.029724393650045755,0.002647367085859109,0.5354211973312459,0.0,0.0,1.5108088394555352e-05,14.113215406172962
-0.04897959183673467,3.4498032749881986,-0.36140518141522193,-0.030445888964031553,0.0,2.637987606135539e-10,9.431984842636886,-0.01628846323390576,0.024276156959198048,0.0023193706901674105,0.47487851781886015,0.0,0.0,1.3429741176906873e-05,12.975136059485129
-0.04285714285714287,3.242094701373844,-0.3145640057144732,-0.026328901703646324,0.0,2.3082402655916212e-10,8.51799142175787,-0.01415809092929976,0.01935744202393508,0.0020001135668916703,0.41449962506265337,0.0,0.0,1.1751311639329742e-05,11.840904056980238
-0.03673469387755102,2.904907486164575,-0.2681986480533425,-0.02230083325191856,0.0,1.9784907046016542e-10,7.526189432397995,-0.012055135413369555,0.014971941477167405,0.0016895628237589833,0.35432549210565867,0.0,0.0,1.007279978182396e-05,10.499539371248154
-0.030612244897959162,2.5663200066287573,-0.22230913376870376,-0.018361688652696273,0.0,1.6487433640577365e-10,6.457632405071973,-0.009979360498853396,0.011122754052708572,0.0013820574936955765,0.29439780631142654,0.0,0.0,8.39420560794224e-06,9.080213241008789
-0.024489795918367363,2.2026457927270258,-0.17689548679568645,-0.0145114729509217,0.0,1.3189938030677695e-10,5.313366380475589,-0.007930531022175558,0.007812963051410549,0.0010885076335709343,0.23477046486057418,0.0,0.0,6.7155291247900095e-06,7.560353333640411
-0.01836734693877551,1.8209880379577044,-0.13195772963983643,-0.010750191190215475,0.0,9.892453523008271e-11,4.094433775119107,-0.005908412841357347,0.0050438024327270625,0.0008035626786524475,0.17547193455351717,0.0,0.0,5.0367703146037e-06,5.948129815939538
-0.012244897959183654,0.8983915617984621,-0.0874958833442463,-0.007077848416020771,0.0,6.594969015338847e-11,2.801873944908479,-0.003912772837928458,0.00281721547866276,0.0005271871884984236,0.1165532072811537,0.0,0.0,3.3579291951468804e-06,3.7216799700522056
-0.006122448979591855,0.42339776867447654,-0.04350996745748148,-0.0034944496710451745,0.0,3.297484507669424e-11,1.4367191799931298,-0.0019433789151008796,0.001136505120536313,0.00025934514591963165,0.05804657581426298,0.0,0.0,1.6790057522086954e-06,1.870613257743425
0.0,0.0,0.0,0.0,0.0,0.0,0.0,0.0,0.0,0.0,0.0,0.0,0.0,0.0,0.0
