C,fast_likelihood_quarks.yaml,fast_likelihood_leptons.yaml,likelihood_ewpt.yaml,likelihood_eeww.yaml,likelihood_lept.yaml,likelihood_rd_rds.yaml,likelihood_lfu_fccc.yaml,likelihood_lfu_fcnc.yaml,likelihood_bcpv.yaml,likelihood_bqnunu.yaml,likelihood_lfv.yaml,likelihood_zlfv.yaml,likelihood_higgs.yaml,global
-0.3,-242.52342691899162,-2.00677945099919,-0.2159511734256654,-0.0002802743367134042,-2.127849183741759e-06,-37.582103780519205,-0.11611111083634285,-38.764465786948435,0.014767391263148077,2.5629264896610984,-7.120501532493165,-1.763379528441078e-05,0.0003169544623453646,-325.7516289548082
-0.29387755102040813,-218.2618666483503,-1.9591217157886263,-0.20969054836048784,-0.0002745529258163515,-2.0844208031833844e-06,-34.11586744436454,-0.11289320307142248,-37.368165796637726,0.014414245356726418,2.5376049219671337,-6.562015068388561,-1.692139108833146e-05,0.0003104890610963196,-296.0375843273144
-0.28775510204081634,-195.85576407344774,-1.911764906226466,-0.2035070869679707,-0.0002688315785306372,-2.040992543084208e-06,-30.78241156756447,-0.10971438647547416,-35.979810557423846,0.013982509903438078,2.510278735966663,-6.0370907667473634,-1.6223675782356395e-05,0.0003040235324647256,-268.3557851716977
-0.2816326530612245,-175.1083986538597,-1.864685724211654,-0.19740079328095916,-0.00026311029485626136,-1.997564403555252e-06,-27.58030614073945,-0.1065750659989888,-34.601440428525876,0.013556508859335459,2.4809794979263664,-5.544350694422699,-1.554064936115651e-05,0.0002975578764505826,-242.5086045848858
-0.2755102040816326,-155.9397863446103,-1.8178843961699656,-0.19137167136710787,-0.00025738907474703865,-1.9541363838193604e-06,-24.508202239438834,-0.10347494559304238,-33.23345840679215,0.013135560918382083,2.4497696992865787,-5.082445924117604,-1.487231181940274e-05,0.0002910920930467853,-218.41370179131397
-0.2693877551020408,-138.2525676010764,-1.771360960157935,-0.18541972530758954,-0.0002516679182917869,-1.9107084844316446e-06,-21.564755750119918,-0.10041373347116433,-31.876560705094175,0.012719688826114961,2.416710842887108,-4.650056537770087,-1.4218663139331511e-05,0.00028462618227464986,-195.9716876523917
-0.26326530612244897,-122.00536736123433,-1.7251154557443016,-0.17954495916945135,-0.00024594682541234647,-1.8672807051700602e-06,-18.748628552325908,-0.09739113888036854,-30.537521493509903,0.012309535620924628,2.3818639854319237,-4.2458916265200095,-1.3579703320942826e-05,0.00027816014411286005,-175.14527029999672
-0.2571428571428571,-107.10549128053253,-1.6791479222480135,-0.1737473770208986,-0.00024022579615134987,-1.8238530462566516e-06,-16.058488458456043,-0.09440687213228927,-29.217890654973505,0.011903869532583933,2.345288463717436,-3.868708361640552,-1.295543235002583e-05,0.000271693978572074,-155.8406719048568
-0.2510204081632653,-93.47953785402342,-1.6334583987517277,-0.16802698293798102,-0.0002345048304803754,-1.7804255079134634e-06,-13.493007616522906,-0.0914606446027264,-27.912309596164516,0.01150340852956333,2.307042623621914,-3.517282723080278,-1.234585022302781e-05,0.000265227685648739,-137.9765211873526
-0.24489795918367346,-81.05155721518463,-1.5880469240986343,-0.1623837809956541,-0.0002287839284029758,-1.7369980895853843e-06,-11.050864496832116,-0.08855216873194394,-26.621471528136052,0.011108249594595776,2.267188413402131,-3.19038175330766,-1.1750956927514267e-05,0.0002587612653393023,-121.47494471490805
-0.2387755102040816,-69.76085381872667,-1.542913536885095,-0.15681777525720975,-0.0002230630899617836,-1.6935707918275256e-06,-8.730743344621256,-0.0856811580258352,-25.346481770684225,0.01071835888221706,2.2257853467381405,-2.8868308347150204,-1.1170752456379773e-05,0.00025229471765442213,-106.27380216599053
-0.23265306122448978,-59.537152722520545,-1.4980582754614176,-0.1513289698035365,-0.0002173423150786391,-1.650143614861932e-06,-6.5313325134672375,-0.08284732705438813,-24.088506771224193,0.010333963088875464,2.182891789266357,-2.6055292329701825,-1.0605236807847973e-05,0.000245828042586993,-92.30151382979918
-0.22653061224489796,-50.314357063504985,-1.4534811779265695,-0.14591736870317362,-0.0002116216038459129,-1.6067165573563358e-06,-4.451327510368888,-0.08005039145429294,-22.852776996330324,0.009955436088771918,2.138564156175933,-2.345389116252907,-1.0054409964155298e-05,0.00023936124014767302,-79.49476395376665
-0.2204081632653061,-42.02917969190514,-1.4091822821220887,-0.1405829760255486,-0.00020590095618544524,-1.5632896201989155e-06,-2.4894286641099264,-0.07729006792706627,-21.638539525574874,0.009581592752938128,2.092866056117062,-2.1053166726310906,-9.518271925301747e-06,0.0002328943103009351,-67.78705631963317
-0.21428571428571427,-34.623890484257345,-1.3651616256324672,-0.13532579584535043,-0.000200180372136316,-1.5198628031676265e-06,-0.6443413719410991,-0.07456607424066419,-20.444272432572014,0.00921378799897088,2.0458546845255245,-1.8842472585018264,-8.99682268595825e-06,0.00022642725309296452,-57.11672084027079
-0.20816326530612245,-28.032134843316044,-1.3214192457795662,-0.13014583223200304,-0.00019445985169497249,-1.4764361072616694e-06,1.0852225000256404,-0.07187812922937553,-19.270545355672507,0.008851591766380729,1.9975851863425635,-1.681145398590548,-8.490062231913953e-06,0.00021996006850244498,-47.41559399296699
-0.2020408163265306,-22.199686781783385,-1.2779551796168533,-0.12504308926182972,-0.0001887393948187821,-1.4330095308157098e-06,2.700546439051841,-0.06922595279438326,-18.118229792005543,0.008495044373044713,1.9481171575009206,-1.4950047859505098,-7.997990561392498e-06,0.00021349275651516564,-38.6279716181251
-0.19591836734693877,-17.075054475447814,-1.234769463928636,-0.12001757100280841,-0.00018301900158945728,-1.3895830751620153e-06,4.202908266622863,-0.06660926590246419,-16.993386497169514,0.008144183128090177,1.8975113174975853,-1.324865307806272,-7.520607665512102e-06,0.0002070253171631009,-30.706123717884143
-0.18979591836734694,-12.598648538948282,-1.1918621352256622,-0.11506928152758533,-0.00017729867196791815,-1.3461567400785412e-06,5.593580086073846,-0.06402779058872454,-15.895956936500898,0.007796559983529683,1.8458199348096596,-1.169774330803513,-7.057913542496408e-06,0.00020055775041427637,-23.588127577719465
-0.18367346938775508,-8.722105199714406,-1.1492332297390604,-0.11019822490964515,-0.00017157840592574303,-1.3027305240109754e-06,6.873828864064905,-0.06148124995578286,-14.827723498148838,0.00745748990505124,1.7931008700325322,-1.0287997564091462,-6.609908179910917e-06,0.00019409005629711373,-17.225139335862725
-0.17755102040816326,-5.396157909474596,-1.106882783418655,-0.10540440521671002,-0.00016585820350556446,-1.2593044290687416e-06,8.044915742130279,-0.05896936817369891,-13.785074481220743,0.0071242006355971554,1.739412949143114,-0.9010519510598183,-6.176591575979273e-06,0.0001876222347831913,-11.562073678519958
-0.17142857142857143,-2.57352695173995,-1.0648108319289236,-0.10068782652739117,-0.00016013806466119718,-1.2158784544746837e-06,9.108096964929732,-0.0564918704807269,-12.76953787319665,0.006794323052767837,1.6848113610096203,-0.7856704495141358,-5.757963723596049e-06,0.00018115428589737803,-6.551009112016599
-0.16530612244897958,-0.2089265443801196,-1.0230174106421686,-0.09604849290646555,-0.00015441798943882645,-1.172452600339824e-06,10.064623310731534,-0.05404848318229938,-11.781180302374601,0.006475063560982264,1.6293505319348913,-0.6818239548520424,-5.3540246192085306e-06,0.0001746862096254631,-2.144582540367322
-0.15918367346938775,1.7408705413938605,-0.981502554637359,-0.09148640843028488,-0.00014869797780647787,-1.1290268664421177e-06,10.915739752444487,-0.051638933653833874,-10.82188215754677,0.006159258223902064,1.5730862811615989,-0.5887103384741508,-4.964774253934934e-06,0.00016821800597810466,1.7006488667085007
-0.15306122448979592,3.3170951632641845,-0.9402662986956329,-0.08700157716665302,-0.0001429780297890204,-1.0856012523374758e-06,11.662686495060466,-0.04926295033828154,-9.893036845490968,0.005849318718396113,1.5160763940943447,-0.5055566401012097,-4.590212624222545e-06,0.00016174967494819725,5.0265961551759295
-0.14693877551020407,4.558961443456155,-0.8993086772934333,-0.08259400318943477,-0.0001372581453651378,-1.0421757585810099e-06,12.30669804449663,-0.04692026274926775,-9.001546674307995,0.0055452594262730415,1.4583740651068418,-0.4316190677734273,-4.230339728295007e-06,0.0001552812165357409,7.867602877728025
-0.14081632653061224,5.503663707124133,-0.8586297246016699,-0.07826369057467275,-0.0001315383245703572,-9.987503853947644e-07,12.849002935582327,-0.044610601468136224,-8.142215594345235,0.005247092073815907,1.4000317014088335,-0.36618299784989894,-3.88515555549418e-06,0.00014881263073718287,10.268055217749724
-0.1346938775510204,6.186374711524422,-0.8182294744789118,-0.07401064338487373,-0.000125818567337177,-9.553251325566947e-07,13.290825405363556,-0.042333698146627796,-7.3167639467664465,0.004954825782258254,1.341102280563593,-0.3085629750080141,-3.554660105820062e-06,0.0001423439175596286,12.263368500813941
-0.12857142857142856,6.640243634752551,-0.7781079604681267,-0.06983486569946962,-0.00012009887371888794,-9.118999996227117e-07,13.633384509622681,-0.04008928550630486,-6.530003726046626,0.004668467120028552,1.2816460381671373,-0.2581027122428594,-3.2388533721672275e-06,0.00013587507699597268,13.883815725148915
-0.12244897959183673,6.89639848591878,-0.7382652157901148,-0.06573636158816498,-0.00011437924371904273,-8.684749873699715e-07,13.877893175167767,-0.037877097338807175,-5.779176325710726,0.004388020156564032,1.2217069611486497,-0.21417509086662712,-2.937735350982962e-06,0.00012940610905687322,15.165167771752321
-0.1163265306122449,6.98392654460622,-0.6987012733433318,-0.06171513512099125,-0.00010865967729856152,-8.250500955764295e-07,14.025559299013134,-0.03569686850666898,-5.064465834368516,0.004113486517677956,1.1613478275257254,-0.17618216050804136,-2.6513060404909083e-06,0.00012293701372456667,16.1381966867955
-0.11020408163265305,6.929901424549598,-0.659416165694438,-0.05777119037023937,-0.00010294017447876058,-7.816253236869741e-07,14.07758562104665,-0.03354833494271503,-4.386057956040284,0.0038448654421827655,1.100612179738226,-0.14355513911178974,-2.3795654371383534e-06,0.00011646779102392202,16.831605671042976
-0.10408163265306122,6.908746731127394,-0.6204099250745116,-0.05390453140564233,-9.722073528450892e-05,-7.3820067192365e-07,14.035170449410543,-0.03143123364932876,-3.752910797441114,0.0035821538397913244,1.039555653856441,-0.11575441293794952,-2.1225135338198697e-06,0.00010999844093362299,17.41265400471707
-0.0979591836734694,6.560847630076523,-0.5816825833779546,-0.05011516230464608,-9.150135970159567e-05,-6.94776140952591e-07,13.899505727250395,-0.02934530270297131,-3.159610968430284,0.0033253463500644287,0.9782273290528085,-0.092269536561421,-1.8801503287591004e-06,0.00010352896345722229,17.528891932029797
-0.09183673469387754,6.223071198637172,-0.5432341721526939,-0.04640308713074148,-8.578204770870457e-05,-6.513517301076632e-07,13.671777784979753,-0.027290281250081705,-2.6059775430320933,0.0030744354023077847,0.9166812090300809,-0.07261923287139105,-1.6524758184033317e-06,9.70593586160362e-05,17.519089285095674
-0.08571428571428572,5.841233952193761,-0.5050647225984051,-0.042768309963037154,-8.006279931294102e-05,-6.079274393888667e-07,13.353170085305063,-0.025265909507858453,-2.093911868017301,0.002829411276302096,0.8549646516555534,-0.056351393070753986,-1.43948999919985e-06,9.058962637809032e-05,17.328844376682948
-0.07959183673469389,5.413216859302565,-0.4671742655601605,-0.03921083487275823,-7.43436145533849e-05,-5.645032687962015e-07,12.94485875871299,-0.02327192876715145,-1.6238184065846735,0.002590262163753465,0.7931245593347303,-0.04304307667560536,-1.2411928711486553e-06,8.41197667647009e-05,16.95727989750976
-0.07346938775510203,4.963314069730359,-0.4295628315236968,-0.035730665924376126,-6.862449334477105e-05,-5.210792185517121e-07,12.448015196989955,-0.02130808139087037,-1.1972289892385906,0.0023569742303015673,0.7312207664850909,-0.032300511514671726,-1.057584428920677e-06,7.764977976876253e-05,16.428783374466278
-0.0673469387755102,4.504334873569405,-0.39223045060927575,-0.03232780719460493,-6.290543575104834e-05,-4.776552887664209e-07,11.863807577778406,-0.019374110813394907,-0.8149339687893598,0.002129531678023433,0.6692895264669261,-0.0237590937287937,-8.886646725159153e-07,7.117966537961706e-05,15.756942986267001
-0.06122448979591838,4.0470364570096535,-0.35517715256915494,-0.029002262755088992,-5.718644177221677e-05,-4.342314794403279e-07,11.193395590631468,-0.01746976154226587,-0.48831197090226475,0.0019079168083058207,0.6073886690946004,-0.017083387770398417,-7.344335966052995e-07,6.47094236221335e-05,14.94269045232163
-0.055102040816326525,3.600134358546711,-0.31840296677900426,-0.025754036676552516,-5.146751136919647e-05,-3.9080779024036616e-07,10.43793651553586,-0.01559477915941443,-0.21246083847196573,0.0016921100849565107,0.5455599754040801,-0.011967126402986139,-5.948912011888297e-07,5.8239054474995555e-05,14.0011489979258
-0.04897959183673467,3.170195159108971,-0.28190792223331584,-0.02258313302849757,-4.574864459172545e-05,-3.4738422094449106e-07,9.598582335850471,-0.013748910318440721,0.01649576086115445,0.0014820901974985645,0.483850985403695,-0.0081332107006169,-4.700374827137921e-07,5.176855794530866e-05,12.94423835763257
-0.04285714285714287,2.8633271754663383,-0.245692047541624,-0.01948955588747836,-4.002984141848742e-05,-3.0396077277394795e-07,8.676478111179271,-0.011931902746852074,0.19675820994890536,0.0012778341244921165,0.42231032217464914,-0.005333710047393581,-3.5987244295654364e-07,4.529793404728366e-05,11.877709040929721
-0.03673469387755102,2.4766279246441627,-0.20975537092049024,-0.016473309320808482,-3.43111018281661e-05,-2.605374442854469e-07,7.6727660713177634,-0.010143505247029339,0.32760684092015957,0.0010739267430457389,0.36098437581986786,-0.0033498621369858483,-2.643960765880138e-07,3.882718275249886e-05,10.599341082967088
-0.030612244897959162,2.118017417539704,-0.1740979201893964,-0.013534397400682963,-2.8592425863394055e-05,-2.1711423647818862e-07,6.588581831759701,-0.008383467693789726,0.40796316075168804,0.0008808222377707509,0.2999169212187205,-0.0019920729721238928,-1.8360838360820253e-07,3.2356304082270526e-05,9.21735565840719
-0.024489795918367363,1.7824736256716278,-0.13871972276490396,-0.010672824196511499,-2.2873813467327864e-05,-1.736911483529724e-07,5.425056789544751,-0.006651541038188213,0.43673215349492445,0.000693404683642207,0.23915207997114507,-0.0010999168640974943,-1.1750936579346671e-07,2.588529803659867e-05,7.726966768786444
-0.01836734693877551,1.466532317525207,-0.10362080565336385,-0.007888593785889242,-1.7155264725232655e-05,-1.3026818046490973e-07,4.1833170443668735,-0.004947477303417713,0.41330924572859473,0.0005116449121640443,0.17873362230006506,-0.0005421364323101585,-6.609901603837898e-08,1.941416459771972e-05,6.1254069241905995
-0.012244897959183654,0.6419056523259314,-0.06880119544608476,-0.005181710234658965,-1.143677954118516e-05,-8.684533381320136e-08,2.864485058585295,-0.0032710295901878794,0.33374875475542964,0.0003355123562114315,0.1187103909663847,-0.000216642603787065,-2.937734144836668e-08,1.29429037727391e-05,3.88171618101609
-0.006122448979591855,0.28851221166655705,-0.03426091831438782,-0.0025521776162875653,-5.7183579897923664e-06,-4.342260684353505e-08,1.4696751543899822,-0.0016219520723694814,0.19439615850291148,0.00016497511190749492,0.05911699283871741,-5.051461272032043e-05,-7.34433491800246e-09,6.47151557586767e-06,1.9733806322849547
0.0,0.0,0.0,0.0,0.0,0.0,0.0,0.0,0.0,0.0,0.0,0.0,0.0,0.0,0.0
