-0.23043228639862093,-0.025540500106356723,0.9826934978076918,-inf
-0.0024515113337035266,-0.23702775305900475,0.8577619647835357,-inf
-0.13848759582953726,-0.010770236579015713,0.3702948424283208,5.474735977644809
-0.0875298413751884,-0.10876682936648091,2.733117598732729,17.12684643209773
-0.1075930762089842,-0.04361489979502625,0.5190655514890253,12.238063603495869
-0.09211659674486009,-0.16092274355658653,2.9614460893134957,13.541589885483127
-0.05571770880079485,-0.2889230773637597,0.7574880200336735,-inf
-0.19884954063396015,-0.23375763076625264,1.4313606071977887,-3.5470585991692434
-0.29906652391147476,-0.29511279834309173,2.712776453722215,6.35187897495302
-0.2824734016184074,-0.022460643501076794,1.6591459781451923,-inf
-0.1436630392664469,-0.2629259843425491,2.2168138136205564,-inf
-0.1332805844339249,-0.04810587197367744,2.0251802073924265,14.10708767557137
-0.16746559976564093,-0.293382612367046,0.22214495965946623,2.34069156163382
-0.1250780362453517,-0.1770087387558488,0.014264713389570138,3.4036473966986516
-0.06193011138846172,-0.11160381161761362,2.6682077022089414,16.192764052630096
-0.28893184579166564,-0.17252270798318406,0.8331558277883304,0.16263304875570483
-0.2041775129236113,-0.10017034358467211,2.051560266675547,19.205471460382643
-0.12087862330437624,-0.1596993783660408,2.413478801752929,19.005816132777824
-0.18547341146132015,-0.18074006590707467,1.66854886433977,15.303188701870777
-0.015552558468515332,-0.10808142855781608,0.12696170499754822,10.789384309630679
-0.10864623922918912,-0.060400053983534874,1.6516895107444165,13.480575734624399
-0.2974087066750979,-0.10339616713326527,1.2444368834418382,-inf
-0.24949190529610324,-0.18304476862233196,2.6527341289715336,15.908573631034137
-0.08351011801197869,-0.21066082011245166,2.675353249294111,-53.0680836131822
-0.07938658216248806,-0.1896321404139763,2.6309489933713937,-25.679285226654173
-0.1950435441971871,-0.012498453838188095,1.3767845522377262,-inf
-0.13949339693004223,-0.057796873752372524,0.2817383089973353,9.746634383806764
-0.10600678335648789,-0.17465363877883222,1.912307223246233,-1.686494904953184
-0.04249551683663977,-0.12326872895167135,2.071448673236791,-5.418404099966956
-0.23051647848598444,-0.1453578494984217,2.870968938457691,17.368576864552296
-0.19934971588356543,-0.05431451786379832,1.7070750065676883,-24.222653165640654
-0.013826819833727133,-0.1422839066248325,2.509401525611595,-58.837139639668415
-0.20938888976902909,-0.23966904400221797,0.8699874833961168,-10.887272369608947
-0.0025554809795499955,-0.18029393485188977,1.638750094958351,-inf
-0.114942516633384,-0.0358188585604407,0.673328818814775,13.600251378466682
-0.13668521690465515,-0.13369434185457144,0.10639931782684564,9.412341023277243
-0.09735531486006913,-0.03398539719397725,2.975352801226652,6.354302978392997
-0.16304285867196625,-0.16940403098794243,1.5867921055043848,17.589518236748823
-0.08994380400752452,-0.09828203395065824,1.1948172351265123,20.10120744161472
-0.015790461287587376,-0.009557697527683318,0.8690565608627956,2.395221790088306
-0.05868734593104649,-0.19368049070237553,0.5683619202146684,-inf
-0.14319676152629848,-0.1902575314778481,2.9241182918123063,18.02208568072709
-0.28847978030542354,-0.22866946920637765,1.0540016901869107,-7.81827250133027
-0.24836973072007223,-0.04134906850602843,2.625520303852724,-56.64719945296542
-0.1890530608745417,-0.2118494647272161,1.4896527241181943,8.443667463045504
-0.1912687981915564,-0.2606790145004333,2.470225248728281,-3.1416461308394634
-0.19750518125862399,-0.166774234990967,1.4237511528127933,13.128251901788587
-0.06686253052210489,-0.04511083318192982,2.7619106009280885,7.195757392258127
-0.28017338317454654,-0.2561142083147934,1.0877102064548074,-20.55494441819747
-0.037724265190877404,-0.012852596597700938,0.020991624853744506,0.2188453365278472
-0.013382830796012823,-0.29165934883112044,2.9109241798705634,-inf
-0.06116717753150694,-0.005133841557632135,0.8395168199829103,5.268276050884148
-0.21041283963479154,-0.26323369076534914,0.4147961391778,2.900125082576902
-0.08267499928627198,-0.12602411072034317,2.3069135354877024,17.97421472243206
-0.01683361405454359,-0.23765555423068713,1.27526149065922,-inf
-0.00018976499569273164,-0.1926552005345663,1.051256762256324,-inf
-0.12486831044851329,-0.0874415880133346,0.8092146826526698,16.780035551373096
-0.06573044451787646,-0.20174503344409,2.6035032457103675,-80.17446179372655
-0.09286840674931715,-0.2305211148130284,1.2149123083439264,-inf
-0.04883623495489603,-0.24282111550978677,1.3008130982854242,-inf
-0.18922979804196877,-0.28868666786874936,1.0232087404598371,-inf
-0.05508527852604253,-0.18675207744475283,0.08729995467031604,12.226171338454419
-0.08028531726830532,-0.028876964520528958,0.2590519538252387,3.9952146939926836
-0.12120236271954124,-0.24080562978217263,2.526285053618701,-57.39327173543387
-0.2152294180520735,-0.16391850209187184,1.7986198081270943,15.428805557428362
-0.18250383968626127,-0.07123369870394686,0.46138019604062375,16.3578417018172
-0.0048419716849023575,-0.14822829322912698,2.6290681560691436,-87.15674087518673
-0.2548417721617914,-0.2813482511701906,1.4964374750004636,-20.42600985888512
-0.12486856381021394,-0.019484863243475425,2.1857612825368613,8.332032311675857
-0.10368844801860114,-0.08963633192407028,2.3537551743881964,14.049451199762824
-0.12764240126604526,-0.027393070946623355,1.6362284994440621,8.330461794037307
-0.2980936937826025,-0.03743679592659016,0.43753961995686075,-inf
-0.28764728782011145,-0.1987358818909346,1.5331720108048281,10.769169030029824
-0.19281203590789187,-0.099417563356791,1.7425439480066283,20.057830687338377
-0.2846611331754981,-0.1915509497089718,1.1958255106227633,8.009944141618753
-0.1889228891431713,-0.058556717334695085,0.9526427141442283,-28.040752061763456
-0.24978851941390054,-0.007379611180880097,2.75053330708798,-inf
-0.049776308806369074,-0.12560063634402963,0.621729683365521,-13.12738246614915
-0.09652286353152223,-0.04561083448493097,0.18594486531280674,4.652261450004155
-0.0549636619219189,-0.15826849280508687,1.4796996333438068,-inf
-0.24147578300741387,-0.21510520108372383,0.05362771767377561,8.229596337621164
-0.17857448297039713,-0.20873796416381907,0.34260840273961835,19.553381516303524
-0.24629240595876567,-0.04554068371354264,0.6932128174923501,-inf
-0.08367752686515273,-0.07943094544438092,1.0402563316929658,17.248541778941014
-0.2677225898546656,-0.1431250521838129,0.8465112095015956,-6.1358061322469375
-0.1867403187988905,-0.10119566592787202,1.6410041561449313,20.593039102447165
-0.22674188337083195,-0.17682759627131261,0.6628000831741881,12.20297665987615
-0.04070186168146561,-0.21014870077440384,2.123488316160442,-inf
-0.06939850959008276,-0.15841902558998303,2.123006934036468,-16.070010170918252
-0.12395444040657724,-0.023557344750263276,1.6493008300592038,7.495560809498723
-0.20844212642473936,-0.006325366825000844,1.8104967836748447,-inf
-0.20575401024392886,-0.10263893705574839,0.07419434959468452,4.7448016537980235
-0.19715249377405397,-0.18513586135061477,1.6993732438120346,13.939175006621861
-0.14784200393083208,-0.15395800157989084,0.08488938901425591,9.178993584340388
-0.29665003498048853,-0.12111609624887726,2.7206925073400754,0.7232490289099012
-0.13801317306137087,-0.24639172220802455,0.5202253436430438,-inf
-0.2704400756314587,-0.21774099908634853,0.019725128873632758,4.165975743385948
-0.21966810505223527,-0.02782728456218736,2.0954403131327872,-inf
-0.06277173155753202,-0.12668177458508137,1.028558245595668,-8.312106403370702
-0.13804580143090053,-0.25325956494883106,0.1114595324819655,15.982528696440726
-0.23264128265903167,-0.1916680999611486,0.6321179622457098,9.391888487143301
-0.053347892257691154,-0.1681662684357436,0.3904165029994806,-32.53241136717828
-0.2766757824953325,-0.04346366281244057,2.558984780199511,-inf
-0.2667438077978259,-0.24546107048717497,2.3580761653196083,9.224765785388946
-0.1917181755063106,-0.2750084607619526,1.6179678370003563,-76.75422260099405
-0.25300305735596085,-0.0639614190901065,1.6435700334775794,-inf
-0.10950841177292955,-0.148737469993423,1.607623491389211,16.46567849529978
-0.17402276184234844,-0.2641996195205541,2.7031092305460924,-12.982589389055228
-0.23631686357899395,-0.2763115439202252,1.6985631146574374,-15.47385777888785
-0.13185385303022903,-0.2852859270278557,2.8308284877081915,-inf
-0.13786469312840277,-0.25513065640541943,0.7726172943300685,-inf
-0.1520333086676395,-0.2322109448450477,0.7569030718323877,-71.05282410079776
-0.05528025272552267,-0.25528134229758814,1.8192259514094262,-inf
-0.21359789993540568,-0.059393539296402786,0.5092259475021514,-20.85318967557902
-0.07474266136901189,-0.27088327231616705,2.1815935191187394,-inf
-0.02039746732114972,-0.10565072243598231,1.6255058317996167,-26.292540410977058
-0.23474106141400786,-0.293257550866393,1.929525342934148,-25.805937134757087
-0.2864413379711953,-0.1144120804396222,2.7430038232720175,3.1813209383600807
-0.0637688398507836,-0.18624528909638616,2.527283518082974,-51.041084036687565
-0.21342218705072896,-0.016245941451547785,2.125299993487443,-inf
-0.11967424089612663,-0.15468085299318723,0.3193372380443402,20.11761204471366
-0.09191712921652126,-0.1305846025079986,0.5580749322916124,18.832345400977
-0.06053480349347401,-0.27138670022153183,2.64993665843909,-inf
-0.18263578481581666,-0.0960247576946425,2.4866365618470905,17.22202474212013
-0.22425387522564127,-0.12597515828365552,0.5266310719044603,21.05260898350266
-0.06243291139048307,-0.22978173641062985,2.420526370739103,-inf
-0.2749111644517763,-0.17317755554476136,0.9592084866302105,8.570661101063394
-0.1781948352468481,-0.16197678432802184,2.8875369355613265,16.619230897625155
-0.13317677252003476,-0.03921599127558567,2.2166286197512566,12.412273326384648
-0.12290056593366272,-0.044135785129918226,1.298970729606747,15.198279717736067
-0.08958192587595751,-0.2801821792233458,0.1631784536409281,-2.976376000815206
-0.10714964655523115,-0.051340142833243674,0.6396615423918082,13.960817950874798
-0.017773332385815965,-0.14910305576250774,1.7447280372096592,-inf
-0.17057917537573566,-0.286692040170746,1.9923081739999853,-inf
-0.02850937258728231,-0.29716410049734554,1.4746628564050281,-inf
-0.07064452734945559,-0.18798408712849532,0.9382045033963408,-inf
-0.18842256393696805,-0.02865124094196947,0.7509655570790359,-inf
-0.11737985308052001,-0.11050851861664573,0.37223364357178346,16.596941317486635
-0.1952507317147548,-0.04016506233517825,0.4509165561302567,-12.96105247840968
-0.03046252401919841,-0.16913800375384413,0.17509988195214288,9.265926463214203
-0.15332132134507243,-0.13800845013335936,0.32932615034903856,17.005015473723844
-0.1192263808310893,-0.07958303399092259,2.311674836521218,12.563178960395412
-0.0343999691217593,-0.20538265766855668,1.4213542714230643,-inf
-0.13221419787948524,-0.09464240398427773,1.219379987128114,16.866590623633805
-0.056875968679521716,-0.1494233255008009,0.7996085227900669,-79.86119681320751
-0.10527924381606377,-0.054071301394098215,1.4582019924913425,13.80794747975836
-0.26325686263370107,-0.17280482043743342,2.656505617984453,18.29730837361531
-0.2653475005077327,-0.07288511182609037,2.417080358345487,-43.12431187136661
-0.10863222510678672,-0.23574986474504495,1.8469347893194357,-inf
-0.11530343433246587,-0.20554058472446213,0.6978101357687624,-79.75820762672501
-0.20815596616575704,-0.1170030109649223,0.607433350825541,21.13482575402142
-0.21462294590413517,-0.22876224954378638,2.4392775768623975,15.424586365246359
-0.06988707595752802,-0.11350288803390232,2.4398170099264718,17.3637051700716
-0.23840341843010238,-0.11042582643162299,2.715215312439009,17.955286822963856
-0.09163152787903642,-0.29669281706933265,1.9330111210406455,-inf
-0.18530784542255574,-0.22028860592003405,1.5139060434897949,3.059131968745958
-0.14077430157768117,-0.1313592906437945,0.4285870127156588,18.248337587064587
-0.21368851772666808,-0.23804715049755165,0.8577463416273913,-7.773723385763878
-0.2106937827089802,-0.13086005465953768,2.7325968076729166,17.086159805422096
-0.216244424850135,-0.13143683042683324,1.047445330304602,19.73572156572488
-0.2563689234616819,-0.03354085499271464,0.783485076358115,-inf
-0.24613366145236532,-0.11549219145511963,1.0451893226654647,-18.514185343880666
-0.04717772273493631,-0.25238484745908907,0.11038815171632133,9.991128870793927
-0.10931423215084154,-0.08203266487111915,2.2349442508971737,12.9858786273529
-0.06325030198010351,-0.09394383074533388,1.3188186905113821,19.10129376331767
-0.0341322760860861,-0.14534218183486886,1.9631469724058102,-68.98607587742566
-0.09408970254268376,-0.227715596041007,1.2613521282397404,-inf
-0.2292901869695252,-0.019560980503946224,0.22581258377578917,3.2051012951640674
-0.028113478280247628,-0.10539505884516562,1.1966418410110649,-26.815962386386886
-0.16177837304962633,-0.18755302240106578,2.925020473871575,19.132184182894054
-0.2658339363987644,-0.23897871007300797,2.791992728013953,12.694550586298632
-0.11683587031122292,-0.28284901486892616,0.7982173897337667,-inf
-0.1797724583164954,-0.17411774774881703,2.1011940865486727,17.405862761320982
-0.08641450096552938,-0.008053239693310565,1.4990994931722104,7.100032912357529
-0.12386225271752163,-0.18465414929674662,0.3352378794085802,16.879853732927003
-0.0003435916647956394,-0.14790689682705135,1.7844244408070176,-inf
-0.09739461469948058,-0.08865835210290271,0.8244478851388882,17.55147464152282
-0.13172053778145973,-0.20647616948324649,0.40496973936928016,2.5140605391148085
-0.270589040911091,-0.09619507292101623,2.578314423241745,-6.269480965758422
-0.10890040715562929,-0.08814739941787544,2.0230284891279053,14.42653850778266
-0.07957703172872566,-0.2535020363539581,2.895490041910025,-inf
-0.12828563547883007,-0.17327476103969428,1.150215543117266,4.8034708234510415
-0.2509115171452619,-0.2882829358343925,2.9053685953691755,10.175905352795931
-0.0809509082833986,-0.23561234403075648,1.707608314616497,-inf
-0.22557316917452563,-0.030866187067032258,2.6241950098576234,-39.10336077668295
-0.25849524930444895,-0.1528492309119492,2.526484346508355,20.009511871383694
-0.2020831680844892,-0.13460093256715025,0.34617140365441335,17.049831637123948
-0.15042180288059442,-0.06201177408065181,0.675008181240126,17.349679605658377
-0.009005161705565479,-0.12322179798979374,1.1389930656489091,-inf
-0.01769789612905115,-0.02945975912808485,2.673813464219103,6.937537525503896
-0.282618872591696,-0.2529581652477822,2.2107546315896283,5.207480115362672
-0.04809471926886777,-0.07019117779106374,1.3523267662213323,17.684075042627086
-0.28055473503271766,-0.28908959481031954,1.7877933674894482,-11.498963088972046
-0.027260899770520874,-0.1119896053694347,1.8002508130122448,-18.67112012808562
-0.24813520361973948,-0.01699180083415569,1.4604639849723347,-inf
-0.15136030940018852,-0.18258244557133896,2.991772094234177,19.26414950497985
-0.2703170127832921,-0.11449963921402148,1.271091885304505,-77.30475837908634
-0.04329455567665552,-0.03725117036986558,0.012426902898031944,0.7289728415905781
-0.035017272285183976,-0.18753582304632044,2.9562951765315484,-79.85442392517311
-0.20592094094400154,-0.27252681707249476,1.2641891484728405,-66.82934879269287
-0.2141683923799505,-0.10187639542840643,2.2160334511896673,18.533943182992832
-0.1366984555037804,-0.11557959253655622,2.131789080341052,16.133200650113057
-0.06728885372705393,-0.29197492993815216,0.9830938317009221,-inf
-0.21777131075001527,-0.2707486780871894,2.7498126304119594,8.127600141492923
-0.07527329498264293,-0.07838686745697551,1.5958118316915473,16.780442760133052
-0.2782418972072572,-0.19776846087161581,2.1895651234262328,15.441523513356398
-0.29884929368014923,-0.0009385828162574716,0.3212889759194688,-inf
-0.05948890640700716,-0.11530706181218445,0.6244455130832514,9.349781443133178
-0.199366963601982,-0.08228795070835385,0.7639795459207824,2.595038108422358
-0.269096484246942,-0.11244588827898835,0.32983040753041126,15.343773786764135
-0.02971845058087963,-0.28620285977717425,0.56648366328677,-inf
-0.12094985917520004,-0.25867796432432405,1.5498090932944726,-inf
-0.2029910594013046,-0.22616402021765228,1.9230801920107181,11.103259327936241
-0.12025747399476641,-0.1972526059796357,2.9442319895632347,9.18012542809041
-0.13696439344684486,-0.21345567987824043,1.013169153409707,-62.33305121615633
-0.2432813332905942,-0.24632446195638286,1.1591409673830797,-9.873883972323958
-0.20299827257418668,-0.058507321126281736,0.8544605001287813,-60.83469480077177
-0.2769204360708885,-0.038011292687569365,1.3904091354084438,-inf
-0.10817092385074331,-0.023175527232544624,2.6904392836759907,7.6980702858946835
-0.19133422264726074,-0.2890714636397188,1.0404358446708333,-inf
-0.10213508672634067,-0.10600041230588084,1.6042550687065573,19.22051623519318
-0.1967583561257282,-0.09605397349994899,1.1038220540928605,14.837275282100162
-0.05260049992112273,-0.05534194132494316,0.6472540568991176,13.920290225729374
-0.291273252419102,-0.2989487053781022,2.065762900728617,-6.591670500135756
-0.011403121581912146,-0.24567946535874158,1.8355033929595663,-inf
-0.2534197746245822,-0.27367777445848424,1.8975747855706324,-2.4044392444575626
-0.223977652993117,-0.14408910875543243,1.9141659692094666,19.68937938051137
-0.0864731233094419,-0.14961462648857807,0.5492891709911072,4.661454243921558
-0.20922773544364226,-0.13691951581604742,2.278937879785224,18.132284898160375
-0.24798258906377127,-0.10539444990601399,0.21740597701291164,14.891728514247339
-0.033782517339767004,-0.19273796184341985,2.118813237208325,-inf
-0.2300019681045043,-0.21078354590958429,2.5429004677304112,14.730611180624841
-0.2958253142478643,-0.16110602377700203,2.5355138550271428,17.756176989248598
-0.030197928201874336,-0.22455418012766393,1.607016051479441,-inf
-0.1407408986851023,-0.033536525740285594,1.74465169659676,8.039718788622427
-0.1504956583191146,-0.11583165168196563,1.924903648656938,16.105161360547772
-0.032443794596215436,-0.21819960225364737,0.06794337131799422,11.498144650981244
-0.08781088395634684,-0.016941234357094603,1.4799502245467266,9.143342126148005
-0.04724330484522965,-0.2692679237080774,0.8749569893978104,-inf
-0.11331250986829614,-0.05967958477205165,1.7869744102908935,13.44963590927842
-0.13835851877084188,-0.15360820431628447,2.3362987776259114,19.874220923440753
-0.0004361729544671844,-0.09189605351105282,0.6083302476721413,-36.076673196246574
-0.10258016734423786,-0.13175281556805704,2.607133398696388,19.007264982079054
-0.2692496683688571,-0.0985735083172587,2.581484188697589,-2.658244071253243
-0.03855881231178809,-0.13760923106647752,2.4373885769551857,-15.239443143098857
-0.13428293517463638,-0.29105242198238573,2.564147427716906,-inf
-0.05862234659068713,-0.274115053294604,0.32086226529659967,-inf
-0.17437851816545255,-0.17733781500179824,2.6349218183440675,18.357654405173047
-0.12943969654610488,-0.16256506763939774,2.233420599291783,19.346274098054145
-0.20512691983101466,-0.11098888202852866,2.917711014831311,16.806030398652574
-0.17432721749205013,-0.13614187400530958,0.863207663090909,16.12259601845946
-0.2780255522243752,-0.11411086385031532,1.8094330609958367,-38.490074447634626
-0.21038478171246966,-0.1938892266108861,1.3458861420408064,8.62346272097357
-0.20533896639817856,-0.022351729794911623,2.0766260449116283,-79.98065555275224
-0.12029130627412446,-0.1896226391497316,2.4648675591631477,7.426982173871561
-0.04845508666972953,-0.14600017007847002,1.9034451496892255,-39.19958773328354
-0.12694585139351325,-0.25075448873453926,2.849037829553485,-42.8206407351486
-0.2886645338489278,-0.17052763269186652,1.4589631518659731,5.5712582012751835
-0.047843710224687364,-0.24592985026201414,1.1336267979394645,-inf
-0.04984927272806988,-0.07105365483358894,1.9698862312202112,15.897660847147021
-0.22662001963424133,-0.22022856750234898,0.3686407017523655,16.341104792229334
-0.25135713044786157,-0.13698699458290653,2.2004089907986546,19.552253876323004
-0.06235448222118098,-0.29685742684935507,1.5213258904879674,-inf
-0.07075035449660366,-0.046409651558680154,1.5083004869903989,10.15575416074078
-0.054209771597381745,-0.15074146062023708,0.9470332091496935,-inf
-0.16330246035556617,-0.0643442362557177,2.5003398861194333,15.087192454942604
-0.0855544190531117,-0.14742411616018705,0.8025125704770728,-6.330949881731861
-0.2742105441766562,-0.04521200425024091,0.5772203066329465,-inf
-0.11132724065487729,-0.04322715629562668,1.329482654208256,14.761600719572618
-0.20067743627704093,-0.28047738621535234,2.4110398011430503,-18.517962031474863
-0.20110068462888409,-0.0411830797022153,2.4865560333909693,-6.536304704894917
-0.28105342409483586,-0.05769368730447122,1.024101807814769,-inf
-0.020109010118835646,-0.008097878300359462,2.1603134333644802,1.1273571294859153
-0.2248897537050154,-0.013727258847424373,1.037417858376865,-inf
-0.13706221688701278,-0.11818603105840958,2.4862486511444244,15.594454070648677
-0.10370380081842237,-0.20282014525089295,0.2932856305132745,5.034718688187517
-0.06937956007206711,-0.061886835164036286,0.6829444154042992,14.093540751890124
-0.04004872215914529,-0.2349508169546295,2.02578098502989,-inf
-0.2268504821280366,-0.13898840873991525,0.7743034689777757,19.365043016757664
-0.15570028410424996,-0.16789065188643318,2.645160503034954,19.110330671944915
-0.006087172690440956,-0.2733157125204044,2.299595641107762,-inf
-0.07177783172305244,-0.09170010175338511,2.38962435104217,16.739934245447404
-0.15421649578554653,-0.08830710796728708,2.8821479017263076,12.86099669823049
-0.16439991962479872,-0.08478410727626465,0.7419688614286442,20.496803285983564
-0.2647477070390932,-0.022418342284628467,1.3406876210685073,-inf
-0.0733745055805479,-0.017401200004880824,1.6219564617245263,7.149172862588667
-0.08295211680872297,-0.11656723368788066,2.1841244972566107,18.996340308213842
-0.22443244797243733,-0.16860755593508678,2.944131896974147,15.398871915213643
-0.033659361999218596,-0.0448713628089516,1.6182494951053645,12.360572854312242
-0.10571138849390699,-0.07633818077434065,0.35757850887275344,11.793702242835053
-0.03201465777916468,-0.031438258968287947,2.040804625055342,7.533584637936325
-0.16552127797558872,-0.1726170320461123,2.7578085692611047,18.5987110853106
-0.10398429964999734,-0.18079731617940492,2.437374643053074,2.854260902662098
-0.2994863063610722,-0.2939303812291599,1.7667256996667273,-15.749050914425661
-0.2863583477503785,-0.1658035206316211,0.5019075462986017,15.981624604453994
-0.12781078382286024,-0.02625255909424884,1.13735739556508,2.3438169345479913
-0.2776550982453278,-0.2762666487723535,1.9660368791535912,-2.2893895197559795
-0.1614203414500308,-0.10920508248638713,0.260083077265451,12.629005751074983
-0.28415720267868005,-0.07008488329196591,2.7066226406560734,-54.010752423789356
-0.05636972770186938,-0.15633607012289544,2.7284087929687226,-8.17878382533365
-0.2990191582615362,-0.18576370833194544,1.9452982975153483,15.294586420586656
-0.1454498134246846,-0.11648828025839345,1.8605020023419738,16.291982580805445
-0.09844250430902654,-0.06418261218702728,1.5998884897273444,12.93736006273948
-0.1047245926702465,-0.24144978983594834,2.2481212135522743,-inf
-0.2912556826805674,-0.17470716487622526,0.46108315252870047,18.27477545725298
-0.29424348350578783,-0.1149257886982192,2.4963246308444917,-12.583815810453572
-0.07080022830720123,-0.0893077817674334,0.30173547141730317,14.78444693387062
-0.25546500770653574,-0.1608347185014535,0.3981315378276782,20.18999793876929
-0.21343871579317297,-0.06459385538829965,0.8240315914316172,-71.27469797300513
-0.08825591238664626,-0.024370198281607913,1.135463082267965,11.037435761227274
-0.11957783890399803,-0.049891636435363595,2.198645543684249,12.112578321928796
-0.03543464037846927,-0.23340498244750038,2.8475148688603014,-inf
-0.11886877564494827,-0.2861360113291534,2.048917555100842,-inf
-0.09356144707516612,-0.11990666866520885,1.6339157989819584,20.378344082143865
-0.050769146146686595,-0.2136649628914088,2.9410214654279776,-inf
-0.1347760313552219,-0.06470789682712275,0.1009530627126094,3.9741147459409634
-0.03270374303435708,-0.1840134544524638,0.5706834781276429,-inf
-0.10624109888521993,-0.19509827107878358,0.7634501246680857,-80.99406854029252
-0.038801024330839984,-0.2211259002395367,1.2499872048410636,-inf
-0.07739786060882378,-0.2928326796590952,0.057593420419534525,12.281354293805542
-0.22967229556648033,-0.11823273070550128,0.35375747088511356,19.801825122051515
-0.009233997288753959,-0.27990394737348195,0.16509013211837864,-55.44972525101471
-0.09912194087390655,-0.008975194439182321,0.6425586647404713,6.155867321005761
-0.26370868561196836,-0.15732123174063986,0.9102200237178855,9.116877604637718
-0.10806256548996082,-0.020330089139454832,1.271627832580678,8.510001115296784
-0.0657220079890932,-0.28912805969439564,0.47538590931119384,-inf
-0.21447210573363404,-0.11636530240345602,0.608343322249697,20.22782025769724
-0.2074329643106805,-0.1171071465520493,0.6102897366856573,21.18229132349988
-0.20433157072116642,-0.11679650233728671,0.6026223585902183,21.320982038457082
-0.20745820862177367,-0.11773414135579226,0.6020082362899957,21.2440239493397
-0.20841129420486967,-0.1184109645036596,0.6033615368261183,21.225132350562486
-0.20633545262960246,-0.11739385870745901,0.6051335129386739,21.271851505612496
-0.2096641819714639,-0.11744253817555246,0.5978481330444521,21.09873909839447
-0.2082476806059618,-0.11733045216525897,0.6127721453708618,21.130536196863403
-0.20711931809426634,-0.11723782777755336,0.5993427984701739,21.243050581072517
-0.20758753795842594,-0.11817027920848733,0.6054397150026055,21.248913342077078
-0.20982160476306355,-0.11632969203731852,0.608403319471839,20.912265670266414
-0.21026273112506155,-0.11659780402056917,0.6211100084526762,20.802088403452288
-0.20971254757215288,-0.11514725079055255,0.5991081977854683,20.843698991885045
-0.20251826125982914,-0.116786069965345,0.6038277404675604,21.34362838553606
-0.209147704208709,-0.11811373240848681,0.603284229954516,21.163011656997806
-0.20587952696759373,-0.1170981102713148,0.5978349355526927,21.291815953283155
-0.21153686081145584,-0.1150792574569779,0.6001247290118793,20.581793582203126
-0.20556997264608118,-0.11704710917322877,0.59581427510618,21.302821077290176
-0.2084155655271389,-0.11902338467825577,0.6007229373452894,21.260615662488526
-0.2101671518245251,-0.11567527961162329,0.6171903443701485,20.718842178230158
-0.21168519821942947,-0.11730869240351433,0.6057466536327233,20.834110526216037
-0.20514918733661144,-0.11679011518661853,0.5988441613972169,21.303276565055864
-0.20836077094371014,-0.11818856531667694,0.6166769387904195,21.166128345959937
-0.20779690161756062,-0.11515320746829619,0.6097654831107957,20.98491253808599
-0.20815468747095658,-0.11956562734582693,0.6230626740294298,21.227765628575945
-0.20540849492384677,-0.11776674788265018,0.5957745947531146,21.32430115692523
-0.20935035119048517,-0.11818149099461116,0.6053463402554349,21.14478155785069
-0.20792048126459584,-0.11515894271052843,0.6084641413910167,20.98058684829408
-0.20956413983018107,-0.11734047204606193,0.5989194939491208,21.09302788100769
-0.20910413495448926,-0.11527358626881384,0.6112772158964338,20.84579740117006
-0.2100726292193612,-0.1178181725287127,0.598907304580675,21.091964352396595
-0.20660494157851192,-0.11562688081402991,0.6099678657155959,21.133029366348882
-0.20610292353630413,-0.11842698376731405,0.605950692001706,21.31130021723414
-0.20856484568496406,-0.11705057000795642,0.599546331152732,21.143220995421835
-0.2059368923855957,-0.11945654932227778,0.6023758089669633,21.329980856157626
-0.21044070879360005,-0.11748784521272192,0.6047979904848297,20.996284836313063
-0.21027328575177665,-0.1156298374690683,0.6059681383608018,20.788040480762668
-0.2054796829672201,-0.11501221547905494,0.604738792563583,21.183693518869447
-0.21235566971480488,-0.11862099573504319,0.6025469606760199,20.933443340680014
-0.20712149844503208,-0.11710237750788621,0.6038465378836351,21.2226724892601
-0.20953997482640105,-0.1183641147967292,0.5977855306602933,21.175858924770125
-0.20701081926279802,-0.11778341241494018,0.6016202826159568,21.267768904097636
-0.21107595264771756,-0.11566094183090085,0.6025269083216271,20.715296037837803
-0.20882268280615554,-0.11617575123029945,0.6073232520726454,21.005611445249638
-0.21094203795236055,-0.11640502339402058,0.594876111769259,20.88935449645735
-0.20832538030828832,-0.11636823048161399,0.6128763014014275,21.040937710996
-0.2078685082005918,-0.11631336859674575,0.5983187490028695,21.14188176836164
-0.20927610205239472,-0.11614061283929711,0.6061077869655793,20.963856433139608
-0.20872548209914776,-0.1179208420909611,0.6041794811973145,21.17472852624674
-0.20849490906317533,-0.11662255389024714,0.6030510616314402,21.098663509597657
-0.20779504775577004,-0.11569965988825531,0.6088154365016148,21.046238633786167
-0.2084136400475148,-0.11960249380065431,0.610606978356668,21.255512905253816
-0.20851366161173085,-0.11686127783611182,0.6167155470598323,21.049596220520105
-0.2085723967295909,-0.11773628024592518,0.6100604357472509,21.14836608078114
-0.20897688798284272,-0.11779292689592927,0.6056050155543993,21.14259336809326
-0.20829077667803475,-0.11745633919432981,0.6071906195722191,21.16045080138163
-0.2091687080333131,-0.11860715444991897,0.5923353236734381,21.23027752643743
-0.20712603087926215,-0.1185167553204241,0.617617511006465,21.251390609432818
-0.21155948025754864,-0.11639348844976888,0.6217000680423678,20.586234008532536
-0.20992525496963996,-0.11665280082352097,0.6005201959786727,20.98712601200773
-0.208737615153335,-0.11487937705917482,0.613394031418881,20.823772052302562
-0.2108707005645668,-0.11575634778925456,0.6204047455188982,20.601967409216495
-0.20648827721879345,-0.11627470191990273,0.6073999852492569,21.19782085484084
-0.21094208849471996,-0.11624449905889776,0.6113199693950776,20.743272098661137
-0.2104644898884681,-0.1175462242433789,0.5987430965350491,21.03516262973322
-0.2066915202274686,-0.11732520103892416,0.6082171356045658,21.244496631540592
-0.20652902356056996,-0.11491218092771092,0.6056126241147534,21.096559597875245
-0.20923937961947053,-0.11779098429939182,0.6019960932644718,21.13927194284956
-0.21008797595511103,-0.11827045698688338,0.6079236583437583,21.08212450039497
-0.20758655618094174,-0.11689842293947793,0.6059382275586143,21.174408297263625
-0.20582361337832059,-0.11839293876588917,0.6134872402084881,21.306251485688378
-0.20823889948824104,-0.11681338039963751,0.6152920245735749,21.076928547703506
-0.2107011542780012,-0.11864992340029784,0.6158932383330965,21.01624095494958
-0.20783411911884758,-0.11806096220641228,0.600126942443667,21.24514163522012
-0.20680428132045936,-0.11727910325784065,0.6132324765727144,21.220931045417462
-0.2033721201704292,-0.11868821502249927,0.618205730900901,21.33826088841867
-0.20254161380091132,-0.11914285723262906,0.6236375495032822,21.32635370712544
-0.2057433062723629,-0.11725101845671311,0.6152182050965365,21.267656381169488
-0.20985934867694728,-0.11996877870987933,0.6122635148817653,21.192082000464232
-0.20865389333051954,-0.11923683093651728,0.6116166213295868,21.22570480515019
-0.20476317990116033,-0.12047986439143371,0.6195468174973784,21.316644234002073
-0.20430714991195065,-0.11933831224316573,0.6083152980124185,21.333138153262993
-0.2072372378174908,-0.11862855169098149,0.6139396192741831,21.261079046914254
-0.20547237732394752,-0.11665795389905405,0.6115269261135473,21.26227941572785
-0.20409633347620454,-0.11803487946174959,0.6208961520910876,21.330053203430097
-0.20704883772599075,-0.118220836505712,0.6044574243874848,21.27699241388484
-0.20590080463450963,-0.11834075262206094,0.6217350379511287,21.286012784190355
-0.20796698730388125,-0.11902773658436308,0.6216203056381379,21.218633170404622
-0.20321793776742572,-0.11764990926505331,0.6160768607235974,21.34213618534334
-0.2056436046488937,-0.11824240515311292,0.610438000517766,21.31262997027933
-0.20624648701220272,-0.11995910559831784,0.6012472078802407,21.328138223032735
-0.20763390058898154,-0.11847859430161328,0.6115623531482456,21.242949800617293
-0.20429307279187608,-0.11980336379826222,0.6141975404986726,21.326808852314443
-0.20787323553491172,-0.11859597047859603,0.6111413594587344,21.23764376406603
-0.20276589401778916,-0.1195036936363184,0.6098161476997549,21.31079343086701
-0.20663126190611203,-0.11906789362145574,0.6137092948734391,21.297748188214154
-0.20340867205748692,-0.1192557017681709,0.5979815607233315,21.316786800275718
-0.20303308264138925,-0.11804174781170812,0.605788755544835,21.340741660026662
-0.20568655364360458,-0.11662155174040549,0.6078916310929323,21.259385644850614
-0.20759776991098589,-0.11718880845139885,0.6149117204469674,21.158573032230997
-0.20344295422177455,-0.11895048888627463,0.6176778050903597,21.335573238779943
-0.2038555904920521,-0.11909454855871196,0.6186281156689925,21.33445947179864
-0.20642118599050563,-0.11879210909821143,0.6115275829769997,21.30164852346072
-0.20783629899661576,-0.118090052849373,0.6048775252983317,21.23426246520381
-0.20760916501140833,-0.11912197627219642,0.6156680944013964,21.258713184651675
-0.20248067707361594,-0.1199097623865753,0.6085680401518816,21.28757835593458
-0.20586371289883873,-0.11876353077436236,0.6061545883876581,21.322461037733763
-0.20374117892207844,-0.11801870425304112,0.6126428784360731,21.340284900999436
-0.2050760113330363,-0.11850144286222418,0.6174572289349025,21.321031594857207
-0.2061601112750637,-0.11837949130847977,0.6086009139411829,21.304376344819406
-0.2044416811415127,-0.11902371667517912,0.614629477564739,21.334665969547604
-0.20342509214591378,-0.11902206031379957,0.6154007914370524,21.334307357336268
-0.20515263674195539,-0.11685458137184344,0.6131908381134525,21.280997314627783
-0.2036346429680332,-0.11787641367639147,0.6186066189076477,21.3375795389853
-0.20762835124257245,-0.11733797606444274,0.605187270824627,21.20299516553833
-0.20496142894573202,-0.11912233373203768,0.6101252530867274,21.33342037501313
-0.2034947235061439,-0.11790219073083426,0.6134528800487059,21.341588126391933
-0.20534127070989136,-0.11823359981417357,0.6200466280028502,21.30516531644798
-0.2051762385278512,-0.11738522718733549,0.614224598036121,21.297319178303354
-0.2022750628903245,-0.11819732556344918,0.6106315527595274,21.335593180119016
-0.2036335525155101,-0.12071649074035164,0.6074739994444113,21.285976144503863
-0.20842602520906509,-0.118799933042772,0.6110564153893357,21.218599146225475
-0.20773352857152538,-0.11782404187685483,0.6168280444034556,21.183999951666845
-0.2032500196610454,-0.11732462413475636,0.6147600018841587,21.340346584097116
-0.20260440928114387,-0.12000290335069262,0.6124654562129965,21.292455583237242
-0.20754567344091324,-0.11842723922990474,0.609699666874589,21.250368902619183
-0.20643433749669302,-0.11693172771269938,0.6135347557067244,21.221317625373782
-0.20535190482341373,-0.11768234347720681,0.6224417769466577,21.283886589742554
-0.20251547066425865,-0.11918244170288297,0.6109488595321975,21.316532005570433
-0.20546683399964358,-0.1204878415814917,0.6116385519517628,21.32120611376771
-0.20473602597474716,-0.11816913847948197,0.5998153480313722,21.336306985536243
-0.20361470321648925,-0.11848705585557345,0.6077918352493022,21.33967829747255
-0.20723495712235393,-0.11771969711843559,0.6138587665764023,21.218840514976772
-0.20761110256611856,-0.1184128325123669,0.6148157910535257,21.230937245916817
-0.20365908526003754,-0.11791505027205149,0.6238905037460171,21.333167215094644
-0.20716872834027275,-0.11813301551107876,0.6174570576820247,21.232293142456268
-0.20640058154201762,-0.11707154407995427,0.6121760622541241,21.235053137923
-0.2051201587270474,-0.1191163066928766,0.6153787253048382,21.32822073088384
-0.20489722955825584,-0.12082321738556788,0.6192500851813996,21.310356432360443
-0.20494086119633584,-0.11857489704897656,0.6118980410526875,21.330290147789096
-0.20558850817318639,-0.11922939900326192,0.6071915994631825,21.329738496873606
-0.20544479022057047,-0.11796736883102102,0.6182002283293265,21.298361520652396
-0.20375368483288675,-0.11743550280911727,0.6106859113387183,21.33701367995119
-0.20319037552001668,-0.11837845124786121,0.6159539889989902,21.34089453335813
-0.20624976197606018,-0.11785828363306775,0.6232001578718671,21.249122101531256
-0.20680270727386207,-0.1184312307162058,0.6242324966109453,21.243858023315678
-0.20502740989034818,-0.11884194504158788,0.6149625622422753,21.328331940742267
-0.20659309015635308,-0.11743467829680447,0.6129943305052032,21.241331456010844
-0.20478399470795114,-0.11827512889770703,0.6113335219478794,21.33031624743904
-0.20449552185471429,-0.12037807938225008,0.6246094740208903,21.315769207827028
-0.2087256370696448,-0.11757861799970384,0.6170538027904097,21.09201534209845
-0.20295479976277528,-0.11764041341299974,0.6089791714948343,21.344124498705025
-0.20282762828853082,-0.11890741678473901,0.6145128648070185,21.330943060766213
-0.20394097943973183,-0.11798932145774357,0.6082736102041668,21.33997854987298
-0.20964574581931733,-0.11954910757028331,0.6177919174686698,21.15938901043673
-0.20040274767474806,-0.11885847138117372,0.6202125231024921,21.28519131509827
-0.203087419869352,-0.1192696500314328,0.615712506199042,21.326860143747904
-0.20822773425586882,-0.12046975346212337,0.6220406142656557,21.257991050624764
-0.2077156949246107,-0.11976175260344914,0.6182794962608023,21.268255948068028
-0.20289239767531694,-0.11879317209168178,0.6203029482049056,21.33543284021007
-0.19922427748696922,-0.11917514266863162,0.6145887349362376,21.209513795820047
-0.20058175536425205,-0.11864599600986384,0.6163565346064491,21.29364026197635
-0.20059890880521403,-0.11834889283801577,0.6104779662245243,21.295803908520956
-0.20164227094361595,-0.1191056234591098,0.6029246939437589,21.28476014033454
-0.20178681512736904,-0.11910631028059195,0.5986143541456118,21.28065299480309
-0.20237350969524873,-0.12133589332711682,0.598900096355292,21.191378514367493
-0.20270637036462275,-0.12025736214916496,0.5964791777109911,21.25830132943839
-0.20308180280460053,-0.12193783674236221,0.5925496641799181,21.17190147619364
-0.20304904583435196,-0.12206082287868766,0.5880147909683476,21.149191225419788
-0.2054306202814761,-0.12168249386610724,0.585331208847045,21.265243213659947
-0.20378473152258897,-0.12301382691297141,0.5903740845212033,21.130013340125604
-0.20319344570418854,-0.12411111273375777,0.5836200345063687,20.98371211983345
-0.20171357807071658,-0.12459082208450466,0.5890175127581232,20.846064184093102
-0.20294926591816426,-0.1256083785071526,0.5768320340291939,20.793747774577795
-0.20288631364667517,-0.12576816537310728,0.5822495605873766,20.79372684038977
-0.20286580424205783,-0.1260291970867665,0.5799791751404193,20.755006738297116
-0.20287502459260956,-0.12471486522600497,0.5760811656360442,20.87444162658102
-0.20613998976583656,-0.12587340772108338,0.5799389845061034,21.015635748435482
-0.20549236904234636,-0.1268239709642307,0.5693047896980972,20.84398149533953
-0.20307732985478333,-0.1267189389586292,0.5799764495477259,20.697097919338336
-0.20685529732477634,-0.1277229082104642,0.5762811137307112,20.882650256459268
-0.2083652514075462,-0.12672486904030472,0.5769124740271163,21.07033902906736
-0.20450393121639576,-0.12831599561815996,0.5889141260776756,20.66931652231684
-0.20678347407120057,-0.12804241547607884,0.5819137143411993,20.862156229003286
-0.2064058744592825,-0.12736995608439494,0.584850259316796,20.910333550348238
-0.20436126942742094,-0.12678258580187426,0.5865786311018163,20.821769373790502
-0.20652081144342424,-0.1255999052512131,0.5852558345964191,21.07529584726109
-0.20459550378466354,-0.12463558090922786,0.5807247598036085,21.023330820460984
-0.20402348526956382,-0.12415944262055018,0.5836327135850254,21.035538015271577
-0.2044704516510196,-0.12482022199459163,0.5855512038529069,21.014970067417096
-0.20732301881117007,-0.12595106382070403,0.5747075193023916,21.066069641272883
-0.20791390514516897,-0.12502642680102716,0.5815426045182748,21.17661382347961
-0.20812462431441497,-0.12645178606120247,0.5799930685635334,21.08541075817756
-0.20971300886783034,-0.12541284275037004,0.5881401313661789,21.225664365901647
-0.20651492088637075,-0.12307737814451333,0.5954800394383395,21.251790015579157
-0.20903335468139414,-0.1224231182251258,0.5992401755231729,21.300429560434385
-0.21081829890830855,-0.1235631533586334,0.6005264772867825,21.274504863754157
-0.2122225892005869,-0.1243190500122955,0.5940754751057004,21.264377948142158
-0.21000930590364594,-0.1244448258030521,0.59848615644179,21.26623092033847
-0.21066618315011337,-0.12604964400610846,0.602702196237601,21.216964758166327
-0.21182593249632942,-0.12480496206373494,0.5980926660338899,21.258675682662233
-0.21112974586589187,-0.12663626834121733,0.6031506395810369,21.199163766927263
-0.21463955199476276,-0.12648874530488574,0.6027882313525594,21.19095366512959
-0.21508405429253863,-0.1272633393599543,0.6043324353436095,21.173192114085495
-0.21778229134226268,-0.12718579816825004,0.5954753082903841,21.11517837672401
-0.21480086803391432,-0.12699000681256212,0.5994858883680535,21.195238462878518
-0.2152389365852675,-0.1307259278867184,0.6014184194416393,21.06724411206115
-0.21283095624479312,-0.12733388177964475,0.5980193689439459,21.1976421342132
-0.21243665175388338,-0.1280243397042206,0.6016134717493998,21.1584926430511
-0.2132544455708954,-0.12793036753316006,0.6016167201823001,21.174018030316475
-0.2145015670287699,-0.1314232015665638,0.6134898733809347,20.98688403180038
-0.21499402412931556,-0.13063920142431457,0.6219935818427591,21.026174458691727
-0.21726609297397897,-0.13304554596237422,0.6231370640668997,20.909976168919005
-0.2158876287315252,-0.13082314716884302,0.6057371572735377,21.063506305085085
-0.21339400452787707,-0.13060751085504294,0.5936985708359817,21.027863345617554
-0.21308987700998017,-0.13107868780875187,0.5897919655461822,20.976416863605923
-0.21352466731872832,-0.13016570679806064,0.5961512103533048,21.063647696373298
-0.21499085265354928,-0.13038694085006242,0.6050813398052832,21.075595722064666
-0.21073051139855162,-0.12963998803102972,0.6100655752243718,20.99076609885251
-0.21152038115770258,-0.12906205109599472,0.6097209165825224,21.06688035608175
-0.21544549105422686,-0.12895728082043406,0.6165293068216247,21.103265281002873
-0.21787111637367815,-0.12817079721262625,0.6218387437884378,20.993765082707654
-0.2185836419842093,-0.12895374189725906,0.6205681285371942,20.978947949280283
-0.21728775358821212,-0.12751810748449602,0.6229549074868928,21.003832906629615
-0.21882426622444734,-0.12760299791006913,0.6145728437643151,20.95555929292189
-0.21784229380371634,-0.12851114064398583,0.6209134705701599,21.008206653265432
